BENCHMARK,Lower_CI_original,Upper_CI_original,Lower_CI_target,Upper_CI_target,Lower_RCI,Upper_RCI
zipkin2.internal.Proto3SpanWriterTest._Benchmark.benchmark_writeList_startsWithSpanKeyAndLengthPrefix,447809.2,447873.9,447788.2,447844.4,0.9999355,0.9999502
zipkin2.internal.WriteBufferTest._Benchmark.benchmark_utf8_matchesAscii,1094933,1095132,1094880,1095085,0.9999517,0.9999628
zipkin2.codec.SpanBytesEncoderTest._Benchmark.benchmark_span_shared_PROTO3,549615.7,549706.3,549603.2,549699.9,0.9999726,0.9999879
zipkin2.internal.ReadBufferTest._Benchmark.benchmark_readLongLe_byteBuff,1212825,1213062,1212820,1213060,0.99999,0.9999995
zipkin2.codec.SpanBytesEncoderTest._Benchmark.benchmark_span_shared_JSON_V1,331856.3,331927.2,331857.2,331923.1,0.9999893,1.00001
zipkin2.internal.Proto3SpanWriterTest._Benchmark.benchmark_writeList_multiple,321712.2,321778,321729.5,321796.1,1.00005,1.000075
zipkin2.SpanTest._Benchmark.benchmark_idFromLong,974390,974596.3,974327.1,974511.1,0.999915,0.9999449
zipkin2.internal.JsonEscaperTest._Benchmark.benchmark_testJsonEscapedSizeInBytes,1056658,1056886,1056681,1056906,1.000013,1.000029
zipkin2.codec.SpanBytesEncoderTest._Benchmark.benchmark_noAnnotations_rootServerSpan_PROTO3,753643.7,753802.6,753702.1,753858.3,1.000067,1.000086
zipkin2.internal.ReadBufferTest._Benchmark.benchmark_readShort_byteBuff,1217627,1217906,1217699,1217949,1.000034,1.000068
zipkin2.SpanBytesDecoderDetectorTest._Benchmark.benchmark_decoderForListMessage_proto3,544184.3,544300.5,544177.6,544291.1,0.9999815,0.9999929
zipkin2.codec.SpanBytesDecoderTest._Benchmark.benchmark_spanRoundTrip_noRemoteServiceName_PROTO3,343304.9,343386.4,343309.3,343384.7,0.9999914,1.000013
zipkin2.storage.InMemoryStorageTest._Benchmark.benchmark_getTraces_filteringMatchesMostRecentTraces,30299.22,30306.39,30300.85,30307.45,1.000033,1.000054
zipkin2.internal.V1ThriftSpanWriterTest._Benchmark.benchmark_writesTraceAndSpanIds,142699.4,142738.2,142710.5,142743.8,1.000044,1.000075
zipkin2.internal.ReadBufferTest._Benchmark.benchmark_readInt_byteBuff,1212576,1212864,1212542,1212811,0.9999607,0.9999774
zipkin2.internal.DateUtilTest._Benchmark.benchmark_getDays,515258.9,515384.1,515228.2,515355.6,0.999941,0.9999554
zipkin2.codec.SpanBytesEncoderTest._Benchmark.benchmark_span_PROTO3,639692.8,639843.8,639723.7,639873.6,1.000034,1.000054
zipkin2.EndpointTest._Benchmark.benchmark_ip_ipv6_compatIpv4_compressed,358460.4,358547.3,358449.7,358535,0.9999635,0.999977
zipkin2.v1.V1SpanTest._Benchmark.benchmark_annotationEndpoint_emptyToNull,1021389,1021635,1021385,1021628,0.9999793,0.9999952
zipkin2.internal.SpanNodeTest._Benchmark.benchmark_constructsTraceTree_dedupes,721334.8,721505.2,721360.1,721535.5,1.000036,1.000056
zipkin2.EndpointTest._Benchmark.benchmark_ip_ipv6_addr,848990.3,849179.2,848997.5,849212.7,1.000011,1.000039
zipkin2.codec.SpanBytesDecoderTest._Benchmark.benchmark_specialCharsInJson_PROTO3,346216.1,346302,346237.7,346321.8,1.000051,1.000065
zipkin2.storage.QueryRequestTest._Benchmark.benchmark_test_minDuration,630924.1,631074.6,630990.1,631137.7,1.000097,1.00011
zipkin2.EndpointTest._Benchmark.benchmark_ip_ipv6_compatIpv4,367893.8,367992.1,367890.7,367987.6,0.9999842,0.9999973
zipkin2.storage.GroupByTraceIdTest._Benchmark.benchmark_map_modifiable,586925.6,587078.2,586919.5,587090.5,0.9999888,1.000021
zipkin2.SpanBytesDecoderDetectorTest._Benchmark.benchmark_decoderForListMessage_json_v2_partial_tag,660562.7,660749.9,660556.1,660740.3,0.9999863,1.000002
zipkin2.EndpointTest._Benchmark.benchmark_ipv6_notLocalhost,1085952,1086237,1085868,1086193,0.9999184,0.9999594
zipkin2.EndpointTest._Benchmark.benchmark_ip_ipv6,833729.6,833961.2,833711.2,833952.5,0.9999746,0.9999901
zipkin2.codec.SpanBytesDecoderTest._Benchmark.benchmark_spansRoundTrip_PROTO3,48025.71,48039.01,48030.29,48043.3,1.000092,1.000109
zipkin2.codec.SpanBytesEncoderTest._Benchmark.benchmark_span_64bitTraceId_THRIFT,416968,417084.1,416998.7,417108.7,1.000047,1.000073
zipkin2.EndpointTest._Benchmark.benchmark_ip_ipv6_mappedIpv4,346603.1,346700.7,346583.5,346683.2,0.999941,0.9999612
zipkin2.codec.SpanBytesEncoderTest._Benchmark.benchmark_noAnnotations_rootServerSpan_THRIFT_shared,502454.7,502609.4,502462.7,502599.2,0.999975,1.000017
zipkin2.storage.InMemoryStorageTest._Benchmark.benchmark_toStringContainsOnlySummaryInformation,1070868,1071196,1070845,1071142,0.9999572,0.9999855
zipkin2.SpanBytesDecoderDetectorTest._Benchmark.benchmark_decoderForMessage_thrift,570664,570839.5,570687.1,570843.4,1.000007,1.000049
zipkin2.internal.Proto3ZipkinFieldsTest._Benchmark.benchmark_span_read_tag,601788.4,601967.5,601838.5,602014.8,1.000064,1.000084
zipkin2.codec.EncodingTest._Benchmark.benchmark_multiItemList_json,1331410,1331836,1331486,1331865,1.000025,1.000066
zipkin2.SpanTest._Benchmark.benchmark_shared_canDisable,990096.6,990370.6,989911,990214.8,0.9998178,0.9998528
zipkin2.codec.V1SpanBytesDecoderTest._Benchmark.benchmark_falseOnEmpty_inputSpans_JSON_V1,1399553,1399972,1399519,1399933,0.9999714,0.9999865
zipkin2.internal.TraceTest._Benchmark.benchmark_choosesBestTraceId,426101.2,426241.5,426098.1,426225.5,0.9999624,1.000022
zipkin2.internal.TraceTest._Benchmark.benchmark_cleanupComparator_transitiveKindComparison,125754,125793.7,125757,125793.5,0.9999886,1.000024
zipkin2.EndpointTest._Benchmark.benchmark_missingIpv4IsNull,1379258,1379706,1379240,1379683,0.99998,1.000004
zipkin2.storage.GroupByTraceIdTest._Benchmark.benchmark_map_groupsEverythingWhenNotStrict,613048.7,613225.1,613004.9,613188.2,0.9999281,0.9999424
zipkin2.internal.WriteBufferTest._Benchmark.benchmark_writeVarint_64,551134,551309.9,551162,551339.7,1.000033,1.000051
zipkin2.codec.SpanBytesDecoderTest._Benchmark.benchmark_emptyListOk_PROTO3,1348949,1349363,1348919,1349355,0.9999841,1.000009
zipkin2.internal.ReadBufferTest._Benchmark.benchmark_readShort_bytes,1279894,1280317,1279898,1280305,0.9999759,1.000004
zipkin2.internal.DateUtilTest._Benchmark.benchmark_getDays_doesntLookEarlierThan1970,590190.1,590364.4,590252.1,590456.9,1.000106,1.000156
zipkin2.EndpointTest._Benchmark.benchmark_newBuilderWithPort_highest,1370543,1371021,1370812,1371263,1.00017,1.000211
zipkin2.codec.SpanBytesEncoderTest._Benchmark.benchmark_span_minimum_JSON_V1,919018,919323.3,919128.5,919426.8,1.000102,1.000124
zipkin2.internal.Proto3SpanWriterTest._Benchmark.benchmark_writeList_empty,1420646,1421098,1420778,1421221,1.000082,1.000099
zipkin2.internal.SpanNodeTest._Benchmark.benchmark_constructsTraceTree_sharedId,312890.4,312998.3,312889.4,312994.5,0.9999895,1.00001
zipkin2.EndpointTest._Benchmark.benchmark_coercesZeroPortToNull,1368383,1368829,1368360,1368806,0.9999695,0.9999958
zipkin2.SpanTest._Benchmark.benchmark_parentIdFromLong_zeroSameAsNull,896104.6,896397.4,896055,896365.7,0.999933,0.9999659
zipkin2.internal.ReadBufferTest._Benchmark.benchmark_readLong_bytes,1317764,1318212,1317742,1318216,0.9999685,0.9999982
zipkin2.v1.SpanConverterTest._Benchmark.benchmark_redundantServiceNameOnAddressAnnotations_serverRetainsClientSocket,561984.4,562175.6,562019.3,562207.5,1.000053,1.000075
zipkin2.storage.QueryRequestTest._Benchmark.benchmark_test_rootSpanNotFirst,616884.8,617098.8,616948,617153.9,1.000079,1.000105
zipkin2.SpanTest._Benchmark.benchmark_normalizeTraceId_padsTo64,970570.2,970926.7,970593.2,970974.8,1.000022,1.000056
zipkin2.codec.V1SpanBytesDecoderTest._Benchmark.benchmark_spansRoundTrip_JSON_V1,10161.81,10165.72,10162.99,10166.38,1.000066,1.000123
zipkin2.EndpointTest._Benchmark.benchmark_ip_addr_ipv4,345272.6,345392.7,345291.9,345418.4,1.000038,1.000077
zipkin2.v1.V1SpanTest._Benchmark.benchmark_binaryAnnotationEndpoint_emptyToNull,1028058,1028441,1028153,1028519,1.000061,1.000091
zipkin2.internal.SpanNodeTest._Benchmark.benchmark_build_noChildLeftBehind,175894.3,175960.4,175890.3,175955.8,0.999966,0.9999826
zipkin2.SpanTest._Benchmark.benchmark_annotationsSortByTimestamp,600471.3,600698.7,600504.9,600729.5,1.000042,1.000058
zipkin2.SpanTest._Benchmark.benchmark_coercesZeroTimestampsToNull,930221.9,930568.7,930132.6,930465.1,0.9998855,0.9999066
zipkin2.EndpointTest._Benchmark.benchmark_ipv6_localhost,129106.6,129152.8,129101.8,129148.2,0.999946,0.9999684
zipkin2.internal.JsonEscaperTest._Benchmark.benchmark_testJsonEscape,749662.2,749963.6,749820.7,750103,1.000173,1.000224
zipkin2.storage.GroupByTraceIdTest._Benchmark.benchmark_map_groupsByTraceIdHighWheStrict,494596.6,494795,494568.2,494778.7,0.9999337,0.9999786
zipkin2.EndpointTest._Benchmark.benchmark_parseIp_ipv6_bytes,827916.1,828231.2,827931.6,828293.7,1.000018,1.000076
zipkin2.storage.InMemoryStorageTest._Benchmark.benchmark_getSpanNames_skipsNullSpanName,568759.9,568998.5,568836.4,569109.7,1.000146,1.000203
zipkin2.codec.SpanBytesEncoderTest._Benchmark.benchmark_localSpan_JSON_V1,786104,786426.7,786050.9,786401.8,0.9999347,0.9999808
zipkin2.storage.QueryRequestTest._Benchmark.benchmark_test_annotationQuery_annotation,429782.1,429959.2,429737.6,429912.5,0.9998787,0.9999048
zipkin2.internal.TraceTest._Benchmark.benchmark_worksWhenMissingParentSpan,630118.4,630386.3,630179.8,630465.9,1.000105,1.000128
zipkin2.internal.V1JsonSpanWriterTest._Benchmark.benchmark_writesCoreAnnotations_consumer,307288.7,307432.6,307330.5,307453.7,1.000067,1.000135
zipkin2.SpanTest._Benchmark.benchmark_traceIdString,974648.4,975052.7,974558.2,974993,0.9999073,0.9999447
zipkin2.codec.SpanBytesEncoderTest._Benchmark.benchmark_span_noLocalServiceName_PROTO3,568484.4,568737.8,568444.9,568682.2,0.9999007,0.9999318
zipkin2.codec.V1SpanBytesDecoderTest._Benchmark.benchmark_specialCharsInJson_JSON_V1,163705.2,163771.7,163696.7,163767.1,0.9999403,0.9999757
zipkin2.EndpointTest._Benchmark.benchmark_ip_string_ipv4,367795.3,367956.1,367791.6,367969,0.99999,1.000035
zipkin2.codec.SpanBytesDecoderTest._Benchmark.benchmark_spansRoundTrip_JSON_V2,19892.6,19901.55,19895.65,19903.96,1.000124,1.000169
zipkin2.SpanTest._Benchmark.benchmark_clone_differentCollections,632466.4,632704.3,632359.1,632635.9,0.9998305,0.9998978
zipkin2.codec.V1SpanBytesDecoderTest._Benchmark.benchmark_localSpanRoundTrip_JSON_V1,222098.3,222196.2,222117.8,222222.6,1.00007,1.000124
zipkin2.internal.ReadBufferTest._Benchmark.benchmark_readLongLe_byteBuff_littleEndian,1218061,1218649,1218059,1218622,0.999978,1.000013
zipkin2.codec.V1SpanBytesDecoderTest._Benchmark.benchmark_ignoresNull_endpoint_topLevelFields,251684.3,251792.7,251641.5,251769.7,0.9998313,0.9999143
zipkin2.codec.EncodingTest._Benchmark.benchmark_singletonList_proto3,1295567,1296173,1295727,1296313,1.000095,1.000131
zipkin2.internal.Proto3SpanWriterTest._Benchmark.benchmark_writeList_offset_startsWithSpanKeyAndLengthPrefix,295266.3,295401.2,295237.2,295368.1,0.9998869,0.9999179
zipkin2.internal.ReadBufferTest._Benchmark.benchmark_readInt_byteBuff_littleEndian,1223198,1223779,1223216,1223753,0.9999887,1.000021
zipkin2.codec.SpanBytesEncoderTest._Benchmark.benchmark_span_JSON_V2,624686.4,624975.7,624773.3,625029.3,1.000088,1.000142
zipkin2.codec.SpanBytesEncoderTest._Benchmark.benchmark_specialCharsInJson_PROTO3,606744.3,607030,606741.9,607006.4,0.999961,1.000005
zipkin2.storage.StrictTraceIdTest._Benchmark.benchmark_filterTraces_onTag,202517.9,202607.5,202512.7,202602,0.9999582,0.9999942
zipkin2.SpanTest._Benchmark.benchmark_shared_canUnset,1028673,1029153,1028614,1029127,0.9999298,0.9999751
zipkin2.EndpointTest._Benchmark.benchmark_ip_bytes_ipv4,347691.3,347861.8,347731.6,347900.6,1.000091,1.000124
zipkin2.storage.StrictTraceIdTest._Benchmark.benchmark_filterTraces_skipsOnNoClash,976412.5,976823.3,976329.6,976800.5,0.9999226,0.9999735
zipkin2.internal.V1JsonSpanWriterTest._Benchmark.benchmark_writesCoreAnnotations_producer,297818.5,297954.6,297864,298004.3,1.000145,1.000175
zipkin2.storage.StrictTraceIdTest._Benchmark.benchmark_filterTraces_onSpanName,257995.7,258114.6,258026.1,258137.7,1.000082,1.000123
zipkin2.internal.FilterTracesTest._Benchmark.benchmark_returnsWhenValidlyMatches,1181120,1181730,1180929,1181571,0.9997993,0.9998572
zipkin2.codec.SpanBytesDecoderTest._Benchmark.benchmark_spanRoundTrip_noAnnotations_rootServerSpan_shared_JSON_V2,195270.9,195373.3,195255,195343.7,0.9998418,0.9999197
zipkin2.internal.V1ThriftSpanWriterTest._Benchmark.benchmark_writesCoreAnnotations_client_noEndpoint,21627.27,21637.02,21627.86,21637.56,1.000002,1.000032
zipkin2.internal.Proto3SpanWriterTest._Benchmark.benchmark_write_startsWithSpanKeyAndLengthPrefix,466483.6,466701.2,466453.7,466680,0.9999159,0.9999726
zipkin2.storage.QueryRequestTest._Benchmark.benchmark_spanName_coercesAllToNull,674472.9,674792.9,674508.6,674800.5,1.000001,1.000059
zipkin2.codec.V1SpanBytesDecoderTest._Benchmark.benchmark_spanRoundTrip_noAnnotations_rootServerSpan_incomplete_JSON_V1,140102.2,140165.5,140095.9,140163.4,0.999949,0.9999887
zipkin2.EndpointTest._Benchmark.benchmark_newBuilderWithPort_NegativeCoercesToNull,1363107,1363765,1363068,1363721,0.9999575,0.9999848
zipkin2.internal.WriteBufferTest._Benchmark.benchmark_utf8_matchesJRE,524222.2,524497.8,524341.1,524559.9,1.000101,1.000227
zipkin2.v1.V1SpanConverterTest._Benchmark.benchmark_convert_ma,645907.9,646235.7,645938,646242.7,1.00001,1.000062
zipkin2.codec.SpanBytesEncoderTest._Benchmark.benchmark_specialCharsInJson_THRIFT,696212.8,696543.1,696283.2,696614.8,1.000096,1.000124
zipkin2.SpanTest._Benchmark.benchmark_traceIdFromLong_128,939494.6,939965.4,939525.4,940014.3,1.000031,1.000066
zipkin2.codec.SpanBytesEncoderTest._Benchmark.benchmark_span_noRemoteServiceName_PROTO3,584293.5,584581.1,584414.4,584681.4,1.000176,1.00023
zipkin2.v1.SpanConverterTest._Benchmark.benchmark_client_missingCs,676672.4,677050.3,676755.6,677090.2,1.000068,1.000111
zipkin2.codec.V1SpanBytesDecoderTest._Benchmark.benchmark_spansRoundTrip_THRIFT,25524.53,25537.99,25527.34,25539.94,1.000069,1.00011
zipkin2.internal.Proto3FieldsTest._Benchmark.benchmark_fixed64_sizeInBytes,964333.3,964844.3,964050.1,964519.9,0.9996625,0.9997104
zipkin2.codec.SpanBytesEncoderTest._Benchmark.benchmark_span_minimum_PROTO3,1114192,1114792,1114080,1114688,0.9998819,0.9999198
zipkin2.codec.V1SpanBytesDecoderTest._Benchmark.benchmark_localSpanRoundTrip_THRIFT,552125.3,552404.2,552188,552451.8,1.000091,1.000123
zipkin2.v1.SpanConverterTest._Benchmark.benchmark_producerAndConsumer_loopback_shared,446646.3,446882.4,446571.4,446820.5,0.9998355,0.999871
zipkin2.codec.SpanBytesEncoderTest._Benchmark.benchmark_span_JSON_V1,371550.8,371763.7,371565.2,371753.9,0.9999742,1.000039
zipkin2.codec.SpanBytesEncoderTest._Benchmark.benchmark_errorSpan_PROTO3,1026558,1027113,1026620,1027230,1.000061,1.000124
zipkin2.internal.Proto3ZipkinFieldsTest._Benchmark.benchmark_span_read_debug,739916.8,740356.2,739959.9,740384.7,1.000021,1.000058
zipkin2.internal.V1ThriftSpanWriterTest._Benchmark.benchmark_writeList_startsWithListPrefix_multiple,432376.8,432631.5,432338.3,432578.3,0.9998672,0.999919
zipkin2.codec.SpanBytesEncoderTest._Benchmark.benchmark_noAnnotations_rootServerSpan_PROTO3_incomplete,628781.9,629166.7,628806.9,629164.9,0.9999821,1.000024
zipkin2.storage.QueryRequestTest._Benchmark.benchmark_remoteServiceNameCanBeNull,672925.8,673256.7,672923.8,673271,1.000002,1.000036
zipkin2.SpanBytesDecoderDetectorTest._Benchmark.benchmark_decoderForMessage_json_v1,327327.5,327513.5,327377.5,327546.7,1.000104,1.000163
zipkin2.codec.SpanBytesDecoderTest._Benchmark.benchmark_falseOnEmpty_inputSpans_JSON_V2,1359281,1359974,1359422,1360118,1.000099,1.000125
zipkin2.codec.V1SpanBytesDecoderTest._Benchmark.benchmark_spanRoundTrip_noAnnotations_rootServerSpan_JSON_V1,127967.1,128031.9,127988.7,128058.9,1.000169,1.000229
zipkin2.internal.Proto3FieldsTest._Benchmark.benchmark_field_read_FIXED64,954968.3,955471.3,954980.6,955495.9,0.9999987,1.000032
zipkin2.SpanBytesDecoderDetectorTest._Benchmark.benchmark_decoderForMessage_json_v1_list,93748.83,93800.69,93712.99,93767.09,0.9996016,0.9996645
zipkin2.codec.SpanBytesDecoderTest._Benchmark.benchmark_spanRoundTrip_noAnnotations_rootServerSpan_shared_PROTO3,418588.1,418805.5,418648.7,418871,1.000133,1.000177
zipkin2.v1.SpanConverterTest._Benchmark.benchmark_producer,628901.8,629249.9,629053.6,629381.3,1.000194,1.000251
zipkin2.codec.V1SpanBytesDecoderTest._Benchmark.benchmark_traceRoundTrip_JSON_V1,39103.32,39123.5,39104.49,39127.14,1.000015,1.000107
zipkin2.codec.SpanBytesEncoderTest._Benchmark.benchmark_localSpan_THRIFT,837678,838204.7,837886.2,838332.2,1.000178,1.000243
zipkin2.codec.SpanBytesDecoderTest._Benchmark.benchmark_emptyListOk_JSON_V2,399991.8,400222,399966.6,400204.3,0.9999404,0.999992
zipkin2.codec.V1SpanBytesDecoderTest._Benchmark.benchmark_specialCharsInJson_THRIFT,377056.5,377280.9,377129.9,377339.4,1.000137,1.000195
zipkin2.SpanBytesDecoderDetectorTest._Benchmark.benchmark_decoderForListMessage_json_v1,215067.3,215193.7,215077,215205.2,1.000038,1.000082
zipkin2.SpanTest._Benchmark.benchmark_spanNamesLowercase,962541,963119.7,962539.3,963092.5,0.99998,1.000022
zipkin2.storage.QueryRequestTest._Benchmark.benchmark_remoteServiceName_coercesEmptyToNull,680415.2,680781.6,680219.8,680622.3,0.9996989,0.9997722
zipkin2.internal.ReadBufferTest._Benchmark.benchmark_byteBuffer_limited,1317450,1318182,1317140,1317968,0.9997738,0.9998374
zipkin2.codec.SpanBytesDecoderTest._Benchmark.benchmark_localSpanRoundTrip_PROTO3,759576.6,759980.2,759548.5,759999.3,0.9999433,1.000025
zipkin2.codec.SpanBytesEncoderTest._Benchmark.benchmark_span_noLocalServiceName_JSON_V2,550621.1,550965.4,550526.6,550879.9,0.9998177,0.999911
zipkin2.codec.SpanBytesEncoderTest._Benchmark.benchmark_span_minimum_JSON_V2,1188541,1189196,1188334,1189001,0.9998182,0.9998579
zipkin2.internal.V1ThriftSpanWriterTest._Benchmark.benchmark_writeList_startsWithListPrefix,452355.4,452610.4,452386.7,452639.1,1.000059,1.000092
zipkin2.storage.QueryRequestTest._Benchmark.benchmark_annotationQueryTrimsSpaces,142773.8,142864.8,142797.7,142882.7,1.000102,1.000174
zipkin2.internal.WriteBufferTest._Benchmark.benchmark_utf8_malformed,197091,197209.4,197071.8,197189.2,0.99986,0.9999104
zipkin2.SpanTest._Benchmark.benchmark_annotationsDedupe,503800.1,504100.8,503714.5,504036.3,0.9998246,0.9998957
zipkin2.codec.EncodingTest._Benchmark.benchmark_emptyList_json,1379346,1380132,1379213,1380087,0.9999038,0.9999592
zipkin2.internal.V1JsonSpanWriterTest._Benchmark.benchmark_writesAddressBinaryAnnotation_client,327758.6,327945.8,327668.3,327865.7,0.9996803,0.999743
zipkin2.codec.SpanBytesDecoderTest._Benchmark.benchmark_spanRoundTrip_JSON_V2,156143.7,156240.1,156132.2,156227.8,0.9999207,0.9999711
zipkin2.storage.QueryRequestTest._Benchmark.benchmark_test_remoteServiceName,631583.8,631943,631544.1,631900.5,0.9999159,0.999951
zipkin2.internal.Proto3ZipkinFieldsTest._Benchmark.benchmark_span_read_name,696676.5,697071.6,696776,697195.1,1.000122,1.00019
zipkin2.v1.V1SpanTest._Benchmark.benchmark_binaryAnnotationEndpoint_ignoresEmptyAddress,1372268,1373150,1372388,1373186,1.000022,1.000139
zipkin2.codec.SpanBytesDecoderTest._Benchmark.benchmark_spanRoundTrip_noAnnotations_rootServerSpan_PROTO3,451887.1,452158.6,452030.4,452300.8,1.00029,1.000339
zipkin2.v1.V1SpanConverterTest._Benchmark.benchmark_convert_ma_incorrect_value,641730.5,642129.7,641771.9,642174.1,1.000042,1.000087
zipkin2.codec.SpanBytesDecoderTest._Benchmark.benchmark_spanRoundTrip_PROTO3,343643.7,343832.1,343620.5,343834.5,0.9999367,1.000034
zipkin2.SpanTest._Benchmark.benchmark_removesSharedFlagFromClientSpans,995006.5,995645.3,995020.2,995578.3,0.9999293,1.000006
zipkin2.codec.SpanBytesDecoderTest._Benchmark.benchmark_readSpan_remoteEndpoint_noServiceName,312309.6,312507.9,312326.8,312506.5,0.9999957,1.000045
zipkin2.codec.V1SpanBytesDecoderTest._Benchmark.benchmark_spanRoundTrip_64bitTraceId_THRIFT,201698.9,201823.1,201742.3,201865.4,1.00016,1.000213
zipkin2.SpanTest._Benchmark.benchmark_debug_canUnset,983323.1,983967.5,983307,983910.1,0.9999387,0.9999853
zipkin2.internal.V2SpanWriterTest._Benchmark.benchmark_omitsEmptyServiceName,414365.4,414595.3,414302.2,414552,0.9998531,0.9999303
zipkin2.SpanTest._Benchmark.benchmark_toString_isJson,857993.9,858495.5,857846.6,858396,0.9998439,0.9998887
zipkin2.storage.QueryRequestTest._Benchmark.benchmark_annotationQuerySkipsEmptyKeys,660881.4,661300.4,660838.7,661270.6,0.9999194,0.9999664
zipkin2.internal.V1JsonSpanWriterTest._Benchmark.benchmark_writesAddressBinaryAnnotation_producer,326519.6,326735.1,326491.7,326697.4,0.9998789,0.9999079
zipkin2.codec.SpanBytesEncoderTest._Benchmark.benchmark_errorSpan_JSON_V2,1071234,1071888,1071109,1071773,0.9998811,0.9999183
zipkin2.codec.SpanBytesDecoderTest._Benchmark.benchmark_spanRoundTrip_shared_PROTO3,321259.3,321461,321278.9,321484.4,1.000062,1.000129
zipkin2.internal.V1ThriftSpanWriterTest._Benchmark.benchmark_writesAddressBinaryAnnotation_server,21253.49,21269.31,21255.28,21269.65,1.000025,1.000112
zipkin2.EndpointTest._Benchmark.benchmark_ipv6_notMappedIpv4,1177291,1178077,1177572,1178352,1.000196,1.000232
zipkin2.EndpointTest._Benchmark.benchmark_newBuilderWithPort_0CoercesToNull,1353078,1353936,1353157,1353990,1.000013,1.000062
zipkin2.internal.SpanNodeTest._Benchmark.benchmark_build_changingIps,303062.9,303275.4,303139.2,303332.4,1.000195,1.000267
zipkin2.internal.Proto3ZipkinFieldsTest._Benchmark.benchmark_span_read_shared,748893.7,749373.1,748862.9,749353.1,0.9999552,1.000013
zipkin2.v1.SpanConverterTest._Benchmark.benchmark_clientAndServer,286838.7,287044.9,286907.6,287079.1,1.0001,1.000246
zipkin2.internal.SpanNodeTest._Benchmark.benchmark_build_headless,297133.4,297329,297162.2,297359.1,1.000082,1.000135
zipkin2.SpanTest._Benchmark.benchmark_localServiceName,924383.7,925067.6,924596,925232.6,1.000177,1.00022
zipkin2.codec.V1SpanBytesDecoderTest._Benchmark.benchmark_spanRoundTrip_noAnnotations_rootServerSpan_shared_JSON_V1,130172.6,130263.2,130147,130241.7,0.9997966,0.9998513
zipkin2.codec.SpanBytesEncoderTest._Benchmark.benchmark_span_64bitTraceId_JSON_V2,534048.7,534442.4,534376.9,534741,1.00055,1.000622
zipkin2.codec.V1SpanBytesDecoderTest._Benchmark.benchmark_skipsIncompleteEndpoint,155299,155426.4,155318.7,155436,1.00007,1.000116
zipkin2.internal.V1JsonSpanWriterTest._Benchmark.benchmark_skipsTimestampAndDuration_shared,299484.6,299671.6,299466.8,299686.8,0.9999059,1.000044
zipkin2.codec.SpanBytesDecoderTest._Benchmark.benchmark_readSpan_localEndpoint_noServiceName,314863.5,315070.7,314762.7,314987.3,0.9996929,0.999755
zipkin2.storage.QueryRequestTest._Benchmark.benchmark_test_matchesTimestamp,665543.5,665973.2,665604.4,666041.4,1.000067,1.000128
zipkin2.SpanTest._Benchmark.benchmark_parentId_sameAsIdCoerseToNull,733214.5,733751.9,733384.5,733896.5,1.00018,1.000259
zipkin2.internal.V1JsonSpanWriterTest._Benchmark.benchmark_sizeInBytes,371111.8,371370.4,371098.6,371383,0.9999676,1.000034
zipkin2.storage.StrictTraceIdTest._Benchmark.benchmark_hasClashOnLowerTraceId,685464.7,685940.8,685534.1,686027,1.000068,1.000163
zipkin2.internal.V1ThriftSpanWriterTest._Benchmark.benchmark_writesBeginAnnotation_client_noEndpoint,44128.31,44159.91,44132.4,44164.61,1.000089,1.000121
zipkin2.codec.SpanBytesEncoderTest._Benchmark.benchmark_span_THRIFT,466247.9,466576.7,466234.1,466552.1,0.9999525,1.000007
zipkin2.internal.V1JsonSpanWriterTest._Benchmark.benchmark_writesCoreSendAnnotations_consumer,336546.2,336801.6,336630.5,336874.3,1.000211,1.000281
zipkin2.codec.V1SpanBytesDecoderTest._Benchmark.benchmark_spanRoundTrip_JSON_V1,96444.42,96509.81,96428.26,96497.28,0.9998242,0.9998845
zipkin2.storage.InMemoryStorageTest._Benchmark.benchmark_replayOverwrites,381486,381766.9,381495.3,381784.5,0.9999946,1.000058
zipkin2.codec.SpanBytesEncoderTest._Benchmark.benchmark_span_64bitTraceId_JSON_V1,330867.1,331105.2,330863.9,331101.3,0.9999833,1.000032
zipkin2.internal.FilterTracesTest._Benchmark.benchmark_doesntMutateInputWhenUnmatched,1356051,1357085,1355816,1356932,0.9998352,0.999917
zipkin2.SpanBytesDecoderDetectorTest._Benchmark.benchmark_decoderForListMessage_thrift,398469.1,398772.1,398618.3,398886.6,1.000271,1.00038
zipkin2.codec.SpanBytesDecoderTest._Benchmark.benchmark_traceRoundTrip_PROTO3_heapBuffer,162990.3,163104.2,162973.7,163114.8,0.9999042,1.000065
zipkin2.codec.SpanBytesEncoderTest._Benchmark.benchmark_noAnnotations_rootServerSpan_JSON_V2,820336.8,820863.7,820165.2,820779.7,0.9997959,0.9998892
zipkin2.SpanTest._Benchmark.benchmark_putTagOverwritesValue,793276.5,793783.9,793223.8,793792.5,0.999927,1.000011
zipkin2.codec.V1SpanBytesDecoderTest._Benchmark.benchmark_spanRoundTrip_noAnnotations_rootServerSpan_THRIFT,289081.6,289298.3,289130.8,289318.8,1.000071,1.000187
zipkin2.storage.StrictTraceIdTest._Benchmark.benchmark_filterSpans,872881.2,873594.8,872953.6,873622.1,1.000031,1.000107
zipkin2.codec.SpanBytesDecoderTest._Benchmark.benchmark_spanRoundTrip_noRemoteServiceName_JSON_V2,152456.4,152571.6,152475.7,152579.9,1.000036,1.000127
zipkin2.EndpointTest._Benchmark.benchmark_ipv6_downcases,1009834,1010640,1009875,1010776,1.000024,1.000112
zipkin2.internal.V1JsonSpanWriterTest._Benchmark.benchmark_annotationsHaveEndpoints,371819.8,372104.8,371771.2,372080.2,0.999837,0.9999338
zipkin2.codec.SpanBytesEncoderTest._Benchmark.benchmark_span_noLocalServiceName_JSON_V1,340359.6,340604.9,340342.1,340599.5,0.9999604,0.9999956
zipkin2.v1.SpanConverterTest._Benchmark.benchmark_onlyAddressAnnotations,625367.8,625826.9,625462.4,625951.9,1.000088,1.000158
zipkin2.codec.SpanBytesEncoderTest._Benchmark.benchmark_noAnnotations_rootServerSpan_THRIFT_incomplete,528985.1,529421,529125.5,529543.8,1.000232,1.000277
zipkin2.storage.QueryRequestTest._Benchmark.benchmark_annotationQuery_roundTrip,415601.7,415948.3,415479.3,415805.9,0.9996553,0.999719
zipkin2.internal.DateUtilTest._Benchmark.benchmark_midnightUTCTest,309828.9,310077.8,309825.5,310083,0.9999389,1.000012
zipkin2.internal.WriteBufferTest._Benchmark.benchmark_writeAscii_long,1049834,1050628,1049767,1050578,0.9999382,0.999978
zipkin2.internal.V2SpanWriterTest._Benchmark.benchmark_sizeInBytes,548230.6,548687.1,548330.5,548730.6,1.000074,1.000173
zipkin2.internal.V1ThriftSpanWriterTest._Benchmark.benchmark_writesDebugFalse,125390.8,125481.8,125369.8,125471.8,0.999846,0.9999301
zipkin2.v1.SpanConverterTest._Benchmark.benchmark_redundantServiceNameOnAddressAnnotations_server,594030.6,594495.2,594029.4,594491,0.9999893,1.000065
zipkin2.codec.SpanBytesEncoderTest._Benchmark.benchmark_localSpan_JSON_V2,1036305,1037098,1036576,1037353,1.000196,1.000271
zipkin2.internal.WriteBufferTest._Benchmark.benchmark_utf8SizeInBytes,64.32597,64.37575,64.32167,64.37621,0.9999336,0.9999983
zipkin2.storage.QueryRequestTest._Benchmark.benchmark_spanName_coercesEmptyToNull,664217.2,664729.3,664178.6,664697.5,0.9999405,0.9999986
zipkin2.codec.EncodingTest._Benchmark.benchmark_singletonList_json,1309167,1310142,1308767,1309894,0.9996799,0.9998066
zipkin2.storage.InMemoryStorageTest._Benchmark.benchmark_getTraces_byTraceIds,268494.1,268717.6,268517,268730.7,1.000042,1.000102
zipkin2.codec.SpanBytesDecoderTest._Benchmark.benchmark_traceRoundTrip_PROTO3,164221.7,164347.8,164257.2,164395.5,1.000193,1.00029
zipkin2.internal.V1JsonSpanWriterTest._Benchmark.benchmark_writes128BitTraceId,378542.9,378842.6,378569,378859.4,1.000016,1.000094
zipkin2.codec.SpanBytesEncoderTest._Benchmark.benchmark_span_noLocalServiceName_THRIFT,422112.2,422432,422134,422442,0.9999752,1.000061
zipkin2.internal.V1ThriftSpanWriterTest._Benchmark.benchmark_doesntWriteAnnotationsWhenMissingTimestamp,543251.4,543697.4,543288,543729.2,1.000067,1.000123
zipkin2.codec.SpanBytesEncoderTest._Benchmark.benchmark_specialCharsInJson_JSON_V1,492455.6,492821.2,492248.8,492691.6,0.9995848,0.9997088
zipkin2.internal.SpanNodeTest._Benchmark.benchmark_ordersChildrenByTimestamp,360689.9,360984.5,360776.4,361053.3,1.000186,1.000259
zipkin2.storage.QueryRequestTest._Benchmark.benchmark_test_spanName,629182.2,629674.2,629045.6,629538.7,0.9997528,0.9997965
zipkin2.codec.SpanBytesDecoderTest._Benchmark.benchmark_readsTraceIdHighFromTraceIdField,190495.6,190650,190531.1,190680.2,1.000116,1.000189
zipkin2.internal.Proto3ZipkinFieldsTest._Benchmark.benchmark_span_read,344150.1,344434.5,344048.3,344339.6,0.9997034,0.9997712
zipkin2.internal.Proto3FieldsTest._Benchmark.benchmark_fixed32_sizeInBytes,937130.7,937967.6,936996.7,937824,0.9998088,0.9998881
zipkin2.v1.SpanConverterTest._Benchmark.benchmark_assumesServerWithoutTimestampIsShared,617039,617598.7,617010.8,617536.3,0.9998737,0.9999582
zipkin2.codec.SpanBytesEncoderTest._Benchmark.benchmark_span_minimum_THRIFT,967928.2,968791.2,968033.7,968809.4,1.00002,1.000127
zipkin2.internal.Proto3FieldsTest._Benchmark.benchmark_varint_sizeInBytes,867078.7,867778.3,867190.2,867893.6,1.000087,1.000147
zipkin2.internal.Proto3ZipkinFieldsTest._Benchmark.benchmark_endpoint_sizeInBytes,728437.1,729083.1,728501.8,729135.7,1.000055,1.000113
zipkin2.internal.Proto3FieldsTest._Benchmark.benchmark_boolean_sizeInBytes,924264.8,925036.6,924413.4,925147,1.000085,1.000207
zipkin2.codec.SpanBytesEncoderTest._Benchmark.benchmark_noAnnotations_rootServerSpan_PROTO3_shared,614178.9,614662.3,614158.6,614698.1,0.9999645,1.000048
zipkin2.internal.ReadBufferTest._Benchmark.benchmark_readVarint32,1199872,1200824,1199419,1200637,0.9996206,0.9998278
zipkin2.internal.Proto3ZipkinFieldsTest._Benchmark.benchmark_span_write_debug,435608.6,435982.6,435540.8,435918.5,0.9997881,0.9998482
zipkin2.internal.V2SpanWriterTest._Benchmark.benchmark_writes128BitTraceId,489009.8,489485.9,489092.3,489492.6,1,1.000168
zipkin2.internal.V1ThriftSpanWriterTest._Benchmark.benchmark_tagsAreBinaryAnnotations,28652.61,28677.14,28647.8,28670.49,0.9997422,0.999825
zipkin2.codec.EncodingTest._Benchmark.benchmark_multiItemList_proto3,1308159,1309255,1307757,1308936,0.9996473,0.9997449
zipkin2.codec.V1SpanBytesDecoderTest._Benchmark.benchmark_readsTraceIdHighFromTraceIdField,184851.9,185008.4,184841.9,185003.6,0.99993,0.9999884
zipkin2.storage.QueryRequestTest._Benchmark.benchmark_serviceNameCanBeNull,681666.1,682276,681646.5,682277.8,0.999968,1.000087
zipkin2.internal.ReadBufferTest._Benchmark.benchmark_readInt_bytes,1299935,1301124,1299839,1300983,0.9998949,0.9999316
zipkin2.SpanTest._Benchmark.benchmark_remoteEndpoint_emptyToNull,1009201,1010080,1008970,1009877,0.9997664,0.9998261
zipkin2.SpanTest._Benchmark.benchmark_traceIdFromLong,952614.3,953438.1,952777.7,953643.6,1.000139,1.000227
zipkin2.codec.SpanBytesEncoderTest._Benchmark.benchmark_noAnnotations_rootServerSpan_JSON_V2_shared,669476.5,670066,669477.1,670071.3,0.9999547,1.000019
zipkin2.codec.SpanBytesDecoderTest._Benchmark.benchmark_traceRoundTrip_PROTO3_heapBufferOffset,169850.9,170009.1,169829.8,169989.8,0.999856,0.9999011
zipkin2.internal.Proto3FieldsTest._Benchmark.benchmark_utf8_sizeInBytes,942657,943533.5,942754.1,943553.3,1.000014,1.000097
zipkin2.codec.V1SpanBytesDecoderTest._Benchmark.benchmark_readSpan_localEndpoint_noServiceName,312622.5,312903.7,312605.1,312890.2,0.9999231,0.999968
zipkin2.internal.SpanNodeTest._Benchmark.benchmark_build_redundantIgnored,267758.6,268010.1,267719.9,267968.3,0.9998443,0.9999085
zipkin2.codec.V1SpanBytesDecoderTest._Benchmark.benchmark_spanRoundTrip_noAnnotations_rootServerSpan_shared_THRIFT,261927.8,262178.8,262010.9,262237.7,1.000229,1.000301
zipkin2.EndpointTest._Benchmark.benchmark_lowercasesServiceName,1242366,1243524,1242256,1243448,0.9998779,0.9999257
zipkin2.internal.Proto3FieldsTest._Benchmark.benchmark_field_skipValue_VARINT,946711.8,947612.9,946820.2,947690.5,1.000042,1.000114
zipkin2.internal.Proto3ZipkinFieldsTest._Benchmark.benchmark_tag_sizeInBytes,924895,925839.2,925110.5,925974.9,1.000123,1.00024
zipkin2.internal.V1JsonSpanWriterTest._Benchmark.benchmark_writesCoreSendAnnotations_server,326188.3,326468.2,326304.6,326654.2,1.000357,1.00057
zipkin2.v1.V1SpanConverterTest._Benchmark.benchmark_convert_sa,646754.4,647341.9,646589,647239.9,0.9997194,0.9998425
zipkin2.internal.V1ThriftSpanWriterTest._Benchmark.benchmark_writesTimestampAndDuration,50906.49,50959.88,50929.1,50981.53,1.000379,1.000494
zipkin2.internal.V1JsonSpanWriterTest._Benchmark.benchmark_writesAddressBinaryAnnotation_consumer,327115.9,327448.7,327149.8,327516,1.000107,1.000215
zipkin2.codec.SpanBytesDecoderTest._Benchmark.benchmark_spanRoundTrip_64bitTraceId_JSON_V2,144098.6,144228.1,144080.5,144217.1,0.9998258,0.9999148
zipkin2.codec.SpanBytesEncoderTest._Benchmark.benchmark_span_64bitTraceId_PROTO3,532641.4,533172.9,532582.6,533134.9,0.9999002,0.9999962
zipkin2.internal.V1JsonSpanWriterTest._Benchmark.benchmark_tagsAreBinaryAnnotations,364302.9,364713.9,364343.2,364680,0.9999071,1.000098
zipkin2.internal.ReadBufferTest._Benchmark.benchmark_readLongLe_bytes,1299344,1300833,1299778,1301065,1.000172,1.000337
zipkin2.SpanTest._Benchmark.benchmark_parentIdFromLong,935562.5,936486.9,935445.6,936413.4,0.9998794,0.9999623
zipkin2.internal.Proto3ZipkinFieldsTest._Benchmark.benchmark_span_write_writesIds,233316.3,233546,233312.2,233530.6,0.999922,0.9999882
zipkin2.v1.V1SpanConverterTest._Benchmark.benchmark_convert_ca,658001.8,658639.7,657843.7,658541.4,0.9997503,0.9998562
zipkin2.codec.SpanBytesEncoderTest._Benchmark.benchmark_noAnnotations_rootServerSpan_THRIFT,564424.5,564972.1,564398.2,564966.4,0.9999426,0.9999899
zipkin2.internal.Proto3ZipkinFieldsTest._Benchmark.benchmark_span_write_startsWithFieldInListOfSpans,678746.7,679453.5,678706.8,679448.4,0.9999231,1.000006
zipkin2.codec.SpanBytesDecoderTest._Benchmark.benchmark_falseOnEmpty_inputSpans_PROTO3,1365222,1366769,1365658,1366987,1.000174,1.000314
zipkin2.codec.V1SpanBytesDecoderTest._Benchmark.benchmark_readSpan_remoteEndpoint_noServiceName,312499.6,312806.3,312398.4,312731.2,0.9996656,0.9998317
zipkin2.internal.Proto3ZipkinFieldsTest._Benchmark.benchmark_span_read_kind_tolerant,550660.3,551235.9,550649.8,551211.1,0.999916,0.9999796
zipkin2.internal.Proto3ZipkinFieldsTest._Benchmark.benchmark_span_read_annotation,620790.1,621401.7,620433.4,621095.6,0.9993874,0.999564
zipkin2.internal.Proto3ZipkinFieldsTest._Benchmark.benchmark_span_read_kind,748525.3,749331.6,748702.5,749438.7,1.000149,1.000213
zipkin2.codec.V1SpanBytesDecoderTest._Benchmark.benchmark_spanRoundTrip_THRIFT,222837.1,223052.9,222888.3,223115.1,1.000179,1.000323
zipkin2.codec.SpanBytesDecoderTest._Benchmark.benchmark_spanRoundTrip_noAnnotations_rootServerSpan_incomplete_PROTO3,406497.6,406905.9,406487.2,406936.2,0.9999694,1.000065
zipkin2.codec.EncodingTest._Benchmark.benchmark_emptyList_proto3,1375954,1377395,1375805,1377206,0.999817,0.9999041
zipkin2.codec.V1SpanBytesDecoderTest._Benchmark.benchmark_spanRoundTrip_64bitTraceId_JSON_V1,96697.34,96809.78,96675.41,96781.92,0.9997088,0.9997732
zipkin2.codec.V1SpanBytesDecoderTest._Benchmark.benchmark_niceErrorOnNull_traceId,126267.7,126413,126242.6,126386.9,0.999774,0.9998693
zipkin2.codec.SpanBytesDecoderTest._Benchmark.benchmark_skipsIncompleteEndpoint,100935,101041.3,100900.9,101014.9,0.9996377,0.9997043
zipkin2.v1.SpanConverterTest._Benchmark.benchmark_dataMissingEndpointGoesOnFirstSpan,309844.7,310165.9,309763.3,310112.1,0.9996724,0.9998088
zipkin2.internal.SpanNodeTest._Benchmark.benchmark_build_skewedTrace,315185,315495.9,315045.7,315394.8,0.9995598,0.9996794
zipkin2.v1.V1SpanConverterTest._Benchmark.benchmark_convert_sa_incorrect_value,642172.9,642854.1,641946.6,642642.2,0.9996198,0.9997107
zipkin2.internal.Proto3FieldsTest._Benchmark.benchmark_field_skipValue_FIXED64,952744,953692.4,952450.1,953369.1,0.9996325,0.9997078
zipkin2.internal.Proto3ZipkinFieldsTest._Benchmark.benchmark_span_write_shared,450836,451323.5,450684.2,451200.4,0.9996349,0.9997337
zipkin2.storage.QueryRequestTest._Benchmark.benchmark_test_annotationQuery_annotationsAndTag,304932.4,305262,305100,305441.8,1.000561,1.000634
zipkin2.codec.SpanBytesDecoderTest._Benchmark.benchmark_niceErrorOnNull_annotationValue,115620.7,115745.1,115579.6,115703.8,0.9996217,0.9996859
zipkin2.v1.SpanConverterTest._Benchmark.benchmark_lateRemoteEndpoint_ss,2950.825,2954.307,2949.56,2952.808,0.999491,0.9996107
zipkin2.storage.QueryRequestTest._Benchmark.benchmark_test_noRootSpanLeastWins,587043.5,587749.3,587193,587919.4,1.000213,1.000272
zipkin2.internal.Proto3FieldsTest._Benchmark.benchmark_field_skipValue_FIXED32,960122,961170.7,960398.5,961327.3,1.000159,1.00032
zipkin2.codec.SpanBytesDecoderTest._Benchmark.benchmark_emptyListOk_JSON_V1,401002.1,401466,400890.8,401394.1,0.9997277,0.9998354
zipkin2.internal.SpanNodeTest._Benchmark.benchmark_build_outOfOrder,299388.3,299708.9,299385.2,299710.9,0.9999897,1.000077
zipkin2.codec.SpanBytesDecoderTest._Benchmark.benchmark_localSpanRoundTrip_JSON_V2,267434,267732.7,267475,267769.9,1.000112,1.000178
zipkin2.v1.SpanConverterTest._Benchmark.benchmark_parsesSharedFlagFromRPCSpan,594839.9,595630.6,594885.2,595589.8,0.9999314,1.000023
zipkin2.storage.InMemoryStorageTest._Benchmark.benchmark_differentiatesOnTraceIdWhenTimestampEqual,74227.3,74311.2,74285.03,74367.77,1.00075,1.000831
zipkin2.storage.QueryRequestTest._Benchmark.benchmark_test_annotationQuery_twoAnnotation,375984,376369.9,375916.9,376361.7,0.99981,0.9999493
zipkin2.SpanTest._Benchmark.benchmark_normalizeTraceId_padsTo128,964798.8,965961.5,964874,965998.6,1.000009,1.000086
zipkin2.codec.SpanBytesDecoderTest._Benchmark.benchmark_spanRoundTrip_noAnnotations_rootServerSpan_JSON_V2,209193.2,209416.9,209224,209467.5,1.000148,1.00024
zipkin2.codec.SpanBytesEncoderTest._Benchmark.benchmark_noAnnotations_rootServerSpan_JSON_V2_incomplete,677326.6,678156.4,677711.4,678477.1,1.000519,1.000637
zipkin2.internal.V1JsonSpanWriterTest._Benchmark.benchmark_writesCoreAnnotations_client,326053.1,326436.5,326037.6,326415.5,0.9999126,0.9999992
zipkin2.SpanTest._Benchmark.benchmark_remoteServiceName,918596,919773.4,918422.8,919465.2,0.9996648,0.9998261
zipkin2.codec.SpanBytesDecoderTest._Benchmark.benchmark_specialCharsInJson_JSON_V2,183423.9,183648.4,183497.1,183713.4,1.000321,1.000391
zipkin2.SpanBytesDecoderDetectorTest._Benchmark.benchmark_decoderForListMessage_thrift_incorrectFirstByte,443224.2,443689.7,442944,443432.6,0.9993536,0.9994174
zipkin2.SpanTest._Benchmark.benchmark_builder_canUnsetParent,911194.9,912310.4,911180.3,912316.3,0.9999767,1.000095
zipkin2.internal.V1ThriftSpanWriterTest._Benchmark.benchmark_writesEmptyAnnotationAndBinaryAnnotations,77541.12,77636.77,77562.26,77652.59,1.000206,1.000305
zipkin2.codec.SpanBytesDecoderTest._Benchmark.benchmark_ignoresNull_endpoint_topLevelFields,288016.2,288339.7,287885.1,288227,0.9995407,0.9995957
zipkin2.codec.SpanBytesDecoderTest._Benchmark.benchmark_niceErrorOnTruncatedSpans_PROTO3,121355.4,121488.8,121338.7,121474.5,0.9998508,0.9999427
zipkin2.SpanTest._Benchmark.benchmark_builder_merge_tags,828269.8,829229.8,828396.1,829292.9,1.000076,1.000154
zipkin2.v1.SpanConverterTest._Benchmark.benchmark_server_clientAddress,514547.6,515133.1,514406.4,515065.5,0.9997243,0.9999204
zipkin2.internal.WriteBufferTest._Benchmark.benchmark_writeVarint_32,567378.8,568070.9,567368.1,568107.9,0.9999549,1.000065
zipkin2.SpanTest._Benchmark.benchmark_localEndpoint_emptyToNull,993768.4,994934,993177.4,994394.7,0.9993574,0.9994632
zipkin2.codec.V1SpanBytesDecoderTest._Benchmark.benchmark_spanRoundTrip_noRemoteServiceName_THRIFT,220482.2,220736,220409.5,220671.6,0.9996489,0.9997309
zipkin2.v1.SpanConverterTest._Benchmark.benchmark_oneway_loopback,476265.6,476835.3,476328.9,476920.8,1.00011,1.000242
zipkin2.v1.SpanConverterTest._Benchmark.benchmark_redundantAddressAnnotations_client,579388.5,580099.7,579416.7,580091.5,0.9999797,1.000046
zipkin2.internal.V2SpanWriterTest._Benchmark.benchmark_tagsAreAMap,465708.7,466258.6,465782.1,466362.2,1.000131,1.000253
zipkin2.codec.SpanBytesDecoderTest._Benchmark.benchmark_ignoresNull_topLevelFields,284144,284502.8,284250.3,284585.9,1.000287,1.000413
zipkin2.internal.DependenciesTest._Benchmark.benchmark_dependenciesRoundTrip,869369.2,870401.7,869401.1,870459.5,1.000037,1.000128
zipkin2.v1.SpanConverterTest._Benchmark.benchmark_client_unfinished,3201.69,3205.344,3202.299,3206.354,1.000189,1.000312
zipkin2.codec.SpanBytesDecoderTest._Benchmark.benchmark_traceRoundTrip_JSON_V2,71813.55,71898.91,71795.28,71884.17,0.9997619,0.999874
zipkin2.SpanTest._Benchmark.benchmark_normalizeTraceId_truncates64BitZeroPrefix,917751.9,918929,917469.6,918772.7,0.9997028,0.9998299
zipkin2.internal.JsonCodecTest._Benchmark.benchmark_doesntStackOverflowOnToBufferWriterBug_Overflow,194844.9,195081.6,194763,195007.1,0.9995444,0.9996074
zipkin2.storage.QueryRequestTest._Benchmark.benchmark_test_wrongServiceName,661134.6,661926.6,661165.1,661935.8,0.9999908,1.000054
zipkin2.internal.V2SpanWriterTest._Benchmark.benchmark_writesAnnotationWithoutEndpoint,441160,441706.5,441061,441624.5,0.9997973,0.9999043
zipkin2.internal.Proto3ZipkinFieldsTest._Benchmark.benchmark_annotation_sizeInBytes,941955,943099,942062.6,943214.8,1.000106,1.000161
zipkin2.v1.SpanConverterTest._Benchmark.benchmark_server,1748.392,1750.626,1748.267,1750.555,0.9999286,1.000006
zipkin2.codec.SpanBytesDecoderTest._Benchmark.benchmark_spanRoundTrip_shared_JSON_V2,142661.4,142835,142703.1,142881.9,1.000288,1.000381
zipkin2.internal.Proto3FieldsTest._Benchmark.benchmark_field_skipValue_LENGTH_DELIMITED,923386.6,924520.2,923103.3,924271.2,0.9996459,0.9997816
zipkin2.codec.V1SpanBytesDecoderTest._Benchmark.benchmark_niceErrorOnTruncatedSpans_THRIFT,103984.6,104115.3,103985.2,104124.7,1.000025,1.000107
zipkin2.codec.V1SpanBytesDecoderTest._Benchmark.benchmark_spanRoundTrip_noAnnotations_rootServerSpan_incomplete_THRIFT,289225.3,289644.8,289285.6,289667.6,1.000056,1.000203
zipkin2.codec.V1SpanBytesDecoderTest._Benchmark.benchmark_niceErrorOnNull_annotationTimestamp,116399,116558.1,116382.8,116546,0.9998004,0.9998959
zipkin2.internal.Proto3FieldsTest._Benchmark.benchmark_supportedFields,627840.7,628649.1,627749.1,628493.2,0.9997826,0.9998594
zipkin2.internal.WriteBufferTest._Benchmark.benchmark_writeLongLe_matchesByteBuffer,1213185,1214800,1212932,1214551,0.9997511,0.9998122
zipkin2.v1.SpanConverterTest._Benchmark.benchmark_noAnnotationsExceptAddresses,2780.869,2784.431,2780.801,2784.442,0.9998999,1.000004
zipkin2.internal.ReadBufferTest._Benchmark.benchmark_readVarint64,1112497,1113841,1112272,1113788,0.9997958,0.9999897
zipkin2.internal.V1JsonSpanWriterTest._Benchmark.benchmark_writesEmptyServiceName,332558.6,332992,332633.5,333027.6,1.000101,1.000262
zipkin2.storage.QueryRequestTest._Benchmark.benchmark_test_maxDuration,601633,602434.3,602099.1,602857.7,1.000675,1.000793
zipkin2.codec.V1SpanBytesDecoderTest._Benchmark.benchmark_ignoresNull_topLevelFields,289954.7,290320,289944,290344.8,0.9999647,1.000117
zipkin2.internal.SpanNodeTest._Benchmark.benchmark_constructsTraceTree_qualifiesChildrenOfDuplicateServerSpans_mixedShared,207856.3,208120.2,207867.1,208131.2,1.000019,1.000118
zipkin2.codec.V1SpanBytesDecoderTest._Benchmark.benchmark_niceErrorOnNull_annotationValue,112891.1,113071.1,112964.1,113110.1,1.000339,1.000647
zipkin2.codec.SpanBytesEncoderTest._Benchmark.benchmark_noAnnotations_rootServerSpan_JSON_V1_incomplete,493509.7,494169.2,493480,494149,0.9999179,1.000017
zipkin2.codec.V1SpanBytesDecoderTest._Benchmark.benchmark_niceErrorOnIncomplete_annotation,114792.8,114931.8,114777,114931.3,0.9998617,0.9999983
zipkin2.SpanTest._Benchmark.benchmark_builder_merge_remoteEndpoint_merge,11279.72,11295.66,11284.19,11299.87,1.000263,1.000386
zipkin2.SpanTest._Benchmark.benchmark_builder_merge_remoteEndpoint_redundant,11224.87,11241.7,11230.5,11244.59,1.000288,1.000502
zipkin2.internal.Proto3ZipkinFieldsTest._Benchmark.benchmark_span_write_omitsEmptyEndpoints,832772.5,833839.6,832772.1,833931.7,0.9999996,1.000115
zipkin2.internal.V1JsonSpanWriterTest._Benchmark.benchmark_writesCoreAnnotations_server,282183.5,282540.4,282179.3,282554.7,0.9999866,1.000069
zipkin2.internal.V1JsonSpanWriterTest._Benchmark.benchmark_writesCoreSendAnnotations_producer,337645.4,338084.4,337506.8,337967.1,0.9996076,0.9997228
zipkin2.SpanBytesDecoderDetectorTest._Benchmark.benchmark_decoderForListMessage_json_v2_partial_remoteEndpoint,724922,725871.2,724620.4,725697.5,0.9996374,0.9997998
zipkin2.v1.SpanConverterTest._Benchmark.benchmark_clientAndServer_loopback,478084.3,478740.8,477939.2,478594.7,0.9996499,0.9997254
zipkin2.storage.QueryRequestTest._Benchmark.benchmark_test_noTimestamp,664485.6,665384,664237.6,665092.5,0.99953,0.9996338
zipkin2.codec.V1SpanBytesDecoderTest._Benchmark.benchmark_niceErrorOnNull_id,117878.8,118042,117914.5,118074.4,1.000279,1.000375
zipkin2.v1.SpanConverterTest._Benchmark.benchmark_server_missingSr,658461.6,659326.5,658470.6,659368.1,1.000006,1.000083
zipkin2.internal.Proto3ZipkinFieldsTest._Benchmark.benchmark_span_write_kind,739156.9,740233.8,739412.8,740421.6,1.000209,1.000327
zipkin2.SpanTest._Benchmark.benchmark_canUsePrimitiveOverloads,13192.91,13212.66,13192.72,13212.24,0.9998424,0.9999878
zipkin2.codec.SpanBytesDecoderTest._Benchmark.benchmark_niceErrorOnNull_id,122277.3,122453.4,122273.8,122444.4,0.9999342,1.000072
zipkin2.internal.V1JsonSpanWriterTest._Benchmark.benchmark_writesAddressBinaryAnnotation_server,316137,316604.7,316334.7,316755.1,1.000505,1.000636
zipkin2.SpanTest._Benchmark.benchmark_builder_merge_localEndpoint_merge,12622.93,12642.71,12625.09,12643.04,1.000058,1.000199
zipkin2.internal.Proto3ZipkinFieldsTest._Benchmark.benchmark_span_read_timestamp_duration,730032.5,731117.8,730242.7,731232.1,1.000113,1.000288
zipkin2.internal.V1ThriftSpanWriterTest._Benchmark.benchmark_writesEmptySpanName,246716.5,247105.4,246700.2,247036.9,0.9996998,0.9999336
zipkin2.v1.SpanConverterTest._Benchmark.benchmark_missingEndpoints_coreAnnotation,3958.685,3964.28,3956.076,3961.676,0.9993253,0.9994172
zipkin2.codec.V1SpanBytesDecoderTest._Benchmark.benchmark_traceRoundTrip_THRIFT,104085.8,104245.4,104106.4,104258.2,1.000085,1.000204
zipkin2.codec.SpanBytesDecoderTest._Benchmark.benchmark_niceErrorOnTruncatedSpan_PROTO3,144769.7,144977.1,144713.6,144933.7,0.9996185,0.999791
zipkin2.codec.V1SpanBytesDecoderTest._Benchmark.benchmark_spanRoundTrip_shared_THRIFT,211392,211697.4,211329.9,211641,0.9996817,0.9997698
zipkin2.EndpointTest._Benchmark.benchmark_ip_ipv6_addr_mappedIpv4,349361,349897.4,349390.5,349871.2,0.9999293,1.000061
zipkin2.SpanTest._Benchmark.benchmark_idFromLong_minValue,952661.3,954043.1,952702.6,954114.7,1.000007,1.000107
zipkin2.codec.SpanBytesDecoderTest._Benchmark.benchmark_niceErrorOnIncomplete_annotation,123391.7,123589.2,123529.9,123698.3,1.000892,1.001077
zipkin2.codec.SpanBytesEncoderTest._Benchmark.benchmark_specialCharsInJson_JSON_V2,593319.7,594125.2,593421.4,594244.9,1.00014,1.000279
zipkin2.SpanBytesDecoderDetectorTest._Benchmark.benchmark_decoderForListMessage_json_v1_singleItem,141725.6,141926.7,141802.4,142012.3,1.000536,1.000666
zipkin2.codec.SpanBytesDecoderTest._Benchmark.benchmark_niceErrorOnNull_annotationTimestamp,117968.9,118135.1,117960,118126.5,0.9998862,0.9999783
zipkin2.SpanBytesDecoderDetectorTest._Benchmark.benchmark_decoderForListMessage_json_v2_partial_localEndpoint,760288.7,761442.6,760236.3,761446,0.9999308,1.000028
zipkin2.internal.Proto3FieldsTest._Benchmark.benchmark_field_readLengthPrefix_LENGTH_DELIMITED,924001,925299.8,923978.4,925309.3,0.9999715,1.000075
zipkin2.SpanBytesDecoderDetectorTest._Benchmark.benchmark_decoderForMessage_thrift_list,249688.7,250057,249683.2,250086.5,0.9999462,1.000026
zipkin2.internal.V1ThriftSpanWriterTest._Benchmark.benchmark_write_startsWithI64Prefix,520026.1,520794,520139,520908.6,1.000141,1.000263
zipkin2.internal.Proto3ZipkinFieldsTest._Benchmark.benchmark_span_read_endpoints,551785.8,552623,551906.3,552728.5,1.00016,1.000261
zipkin2.SpanTest._Benchmark.benchmark_builder_merge_remoteEndpoint_null,13186.69,13207.57,13190.05,13210,1.000184,1.000291
zipkin2.internal.Proto3ZipkinFieldsTest._Benchmark.benchmark_span_read_ids,691332.2,692281.7,691127,692144.1,0.9996776,0.9998033
zipkin2.storage.QueryRequestTest._Benchmark.benchmark_limitMustBePositive,271873.3,272280.2,271965.1,272381.7,1.000265,1.000361
zipkin2.internal.WriteBufferTest._Benchmark.benchmark_unsignedVarintSize_64_largest,1390913,1393227,1390929,1393017,0.9998501,1.000011
zipkin2.internal.Proto3ZipkinFieldsTest._Benchmark.benchmark_span_read_tag_empty,612016.5,612953.6,611872.5,612795.9,0.9996846,0.9998116
zipkin2.internal.ReadBufferTest._Benchmark.benchmark_byteBuffer_arrayOffset,1180828,1182740,1181417,1183005,1.000224,1.000499
zipkin2.SpanTest._Benchmark.benchmark_nullToZeroOrFalse,13315.08,13336.44,13312.46,13332.5,0.9997035,0.9998086
zipkin2.codec.SpanBytesDecoderTest._Benchmark.benchmark_spanRoundTrip_noAnnotations_rootServerSpan_incomplete_JSON_V2,206190.9,206489.7,206006.8,206345.8,0.9990918,0.9992876
zipkin2.SpanTest._Benchmark.benchmark_debug_canDisable,1009027,1010598,1008909,1010596,0.9998825,1.000057
zipkin2.SpanTest._Benchmark.benchmark_builder_merge_annotations,589786.3,590734.1,589857.4,590739.1,1.000013,1.000117
zipkin2.v1.SpanConverterTest._Benchmark.benchmark_producer_remote,2957.218,2961.874,2957.544,2962.424,1.000078,1.000177
zipkin2.internal.V1ThriftSpanWriterTest._Benchmark.benchmark_writeList_empty,792568,793829.9,792421.5,793634,0.9997261,0.9998439
zipkin2.SpanTest._Benchmark.benchmark_builder_merge_remoteEndpoint,13109.62,13132.15,13112.21,13135.21,1.00008,1.000245
zipkin2.SpanTest._Benchmark.benchmark_builder_merge_redundant,11189.09,11206.21,11191.96,11209.2,1.000216,1.000297
zipkin2.internal.ReadBufferTest._Benchmark.benchmark_readShort_byteBuff_littleEndian,1200644,1202342,1200249,1201997,0.9996132,0.9997422
zipkin2.internal.V1ThriftSpanWriterTest._Benchmark.benchmark_writeList_offset_startsWithListPrefix,436723.1,437452.4,436721.9,437418.8,0.999894,1.000004
zipkin2.internal.SpanNodeTest._Benchmark.benchmark_constructsTraceTree_duplicateRoots,271898.1,272280.4,271825.7,272264.9,0.9997474,0.9999427
zipkin2.internal.HexCodecTest._Benchmark.benchmark_lowerHexToUnsignedLong_downgrades128bitIdsByDroppingHighBits,1291422,1293532,1290926,1293088,0.9995544,0.9996992
zipkin2.v1.SpanConverterTest._Benchmark.benchmark_missingEndpoints,5318.367,5327.484,5322.135,5330.606,1.00052,1.000714
zipkin2.SpanTest._Benchmark.benchmark_id_emptyInvalid,440408.9,441149.1,440649.2,441320,1.000356,1.00051
zipkin2.internal.TraceTest._Benchmark.benchmark_cleanupComparator_ordersClientFirst,918228.6,919995.6,918719.4,920205.4,1.000295,1.000555
zipkin2.internal.V1ThriftSpanWriterTest._Benchmark.benchmark_endpoint_highPort,243071.3,243452.5,242932.4,243327.6,0.999305,0.9994336
zipkin2.storage.QueryRequestTest._Benchmark.benchmark_test_timestampPastLookback,683288.3,684359.3,683004.9,684201,0.9995884,0.9997602
zipkin2.v1.SpanConverterTest._Benchmark.benchmark_client,1503.313,1505.703,1503.159,1505.635,0.9998641,0.9999859
zipkin2.codec.SpanBytesDecoderTest._Benchmark.benchmark_errorSpanRoundTrip_PROTO3,726423.2,727751,726394.3,727590.7,0.9997769,0.9999663
zipkin2.internal.JsonCodecTest._Benchmark.benchmark_doesntStackOverflowOnToBufferWriterBug_lessThanBytes,168086.2,168362.4,167986.3,168286.4,0.99938,0.9995118
zipkin2.internal.ReadBufferTest._Benchmark.benchmark_readLong_byteBuff,1188894,1191042,1188957,1191036,0.9999517,1.000085
zipkin2.SpanBytesDecoderDetectorTest._Benchmark.benchmark_decoderForMessage_json_v2_list,283271.4,283779.2,283427.8,283910.1,1.000462,1.00059
zipkin2.internal.WriteBufferTest._Benchmark.benchmark_writeVarint_ports,171550.2,171867.4,171604.2,171903,1.000123,1.000334
zipkin2.codec.SpanBytesEncoderTest._Benchmark.benchmark_noAnnotations_rootServerSpan_JSON_V1,511480,512369.2,511524.1,512399.4,1.000015,1.000132
zipkin2.EndpointTest._Benchmark.benchmark_ip_ipv6_addr_compatIpv4,336579.4,337175.9,336802.6,337370.5,1.000453,1.00066
zipkin2.v1.SpanConverterTest._Benchmark.benchmark_lateRemoteEndpoint_ca,3621.706,3628.112,3620.342,3626.434,0.9995391,0.9996293
zipkin2.internal.SpanNodeTest._Benchmark.benchmark_constructsTraceTree,314696.5,315266.8,314711.8,315247.6,0.9999347,1.000069
zipkin2.v1.SpanConverterTest._Benchmark.benchmark_producerAndConsumer,379558.6,380196.6,379579.4,380217.6,0.9999978,1.000055
zipkin2.AnnotationTest._Benchmark.benchmark_toString_isNice,1155325,1157421,1155098,1157203,0.9997464,0.9998774
zipkin2.storage.QueryRequestTest._Benchmark.benchmark_minDuration_mustBePositive,271760.5,272252.7,271789.1,272215.7,0.9999379,1.000099
zipkin2.EndpointTest._Benchmark.benchmark_newBuilderWithPort_tooHighIsInvalid,354358.9,355001.7,354440,355130.2,1.000129,1.000362
zipkin2.internal.ReadBufferTest._Benchmark.benchmark_readVarint64_malformedTooBig,495432.1,496326.1,495454.3,496358.8,1.000045,1.000142
zipkin2.SpanTest._Benchmark.benchmark_builder_clone,11276.77,11296.03,11269.25,11291.84,0.9993792,0.9996288
zipkin2.SpanBytesDecoderDetectorTest._Benchmark.benchmark_decoderForListMessage_proto3_singleItem,703508.4,704733,704033.9,705292.3,1.000744,1.000872
zipkin2.storage.QueryRequestTest._Benchmark.benchmark_annotationQueryParameterSpecificity,205397.4,205773.6,205453.2,205831.7,1.000227,1.000391
zipkin2.codec.V1SpanBytesDecoderTest._Benchmark.benchmark_niceErrorOnMalformed_inputSpans_JSON_V1,128706.7,128955.5,128766.9,129011,1.000342,1.000446
zipkin2.SpanTest._Benchmark.benchmark_builder_clear,11362.29,11381.52,11364.02,11383.46,1.000068,1.000214
zipkin2.codec.SpanBytesDecoderTest._Benchmark.benchmark_niceErrorOnMalformed_inputSpans_JSON_V2,129912.3,130134.6,129911.9,130132.9,0.9999465,1.000031
zipkin2.v1.SpanConverterTest._Benchmark.benchmark_client_kindInferredFromAnnotation,3293.289,3299.127,3294.19,3299.738,1.000117,1.000293
zipkin2.storage.QueryRequestTest._Benchmark.benchmark_maxDuration_onlyWithMinDuration,274248.2,274709.5,274040.8,274558.2,0.9992082,0.9995158
zipkin2.codec.SpanBytesDecoderTest._Benchmark.benchmark_niceErrorOnMalformed_inputSpans_PROTO3,171293.1,171646.2,171314.8,171636.4,0.9999079,1.000178
zipkin2.SpanTest._Benchmark.benchmark_builder_merge_flags,13220.73,13246.28,13212.26,13238.15,0.9992742,0.9993856
zipkin2.codec.SpanBytesDecoderTest._Benchmark.benchmark_niceErrorOnUppercase_traceId_JSON_V2,124270,124497.2,124308.8,124518.4,1.000171,1.0003
zipkin2.v1.SpanConverterTest._Benchmark.benchmark_localSpan_emptyComponent,2530.307,2534.856,2529.632,2534.262,0.9997161,0.9998037
zipkin2.v1.SpanConverterTest._Benchmark.benchmark_consumer_remote,2954.487,2960.129,2955.281,2960.875,1.000245,1.000358
zipkin2.SpanTest._Benchmark.benchmark_builder_merge_tags_concat,11532.81,11556.21,11540.21,11561.59,1.000441,1.000636
zipkin2.storage.ForwardingStorageComponentTest._Benchmark.benchmark_declaresAllMethodsToForward,261736.2,262231.2,261653,262144.1,0.9996161,0.9997906
zipkin2.SpanTest._Benchmark.benchmark_parentId_emptyInvalid,444273.1,445164.4,444050.1,444887.5,0.9993725,0.9995103
zipkin2.SpanTest._Benchmark.benchmark_traceId_uuidInvalid,281475,281991.1,281449.2,281956.1,0.9997938,0.9999401
zipkin2.codec.SpanBytesEncoderTest._Benchmark.benchmark_noAnnotations_rootServerSpan_JSON_V1_shared,459283.3,460193.5,459318.9,460285.7,1.000093,1.000287
zipkin2.internal.Proto3FieldsTest._Benchmark.benchmark_field_key_fieldOneLengthDelimited,878658.1,880496.6,878317.6,880146.8,0.9994945,0.9996417
zipkin2.SpanBytesDecoderDetectorTest._Benchmark.benchmark_decoderForListMessage_thrift_singleItem,325814.6,326489.9,325729.7,326453.1,0.9997097,0.9998872
zipkin2.SpanBytesDecoderDetectorTest._Benchmark.benchmark_decoderForMessage_unknown,443265.1,444097.7,442930.1,443859.4,0.9992583,0.9995006
zipkin2.internal.JsonCodecTest._Benchmark.benchmark_exceptionReading_malformedJsonWraps,158902.5,159230.2,158968.3,159302.9,1.000292,1.000481
zipkin2.SpanBytesDecoderDetectorTest._Benchmark.benchmark_decoderForMessage_json_v2,305550.9,306213.7,305636,306161.3,0.9998811,1.000281
zipkin2.SpanBytesDecoderDetectorTest._Benchmark.benchmark_decoderForMessage_proto3,317462.7,318075.9,317611.1,318184,1.000278,1.000467
zipkin2.codec.SpanBytesDecoderTest._Benchmark.benchmark_errorSpanRoundTrip_JSON_V2,286390.5,286986.2,286616.2,287176,1.000586,1.000661
zipkin2.internal.V2SpanWriterTest._Benchmark.benchmark_omitsEmptySpanName,517411.4,518320.5,516722.5,517709.1,0.998607,0.9988708
zipkin2.storage.InMemoryStorageTest._Benchmark.benchmark_getTagsAndThenValues,289140.4,289688.8,288902.8,289485.5,0.9991729,0.9993238
zipkin2.internal.TraceTest._Benchmark.benchmark_mergesIncompleteEndpoints,1085.04,1087.167,1084.402,1086.564,0.9993924,0.9995096
zipkin2.codec.V1SpanBytesDecoderTest._Benchmark.benchmark_falseOnEmpty_inputSpans_THRIFT,1365454,1368197,1365215,1368115,0.9998152,0.9999656
zipkin2.internal.SpanNodeTest._Benchmark.benchmark_traversesBreadthFirst,117664.1,117906.3,117695.7,117916.8,1.000112,1.000337
zipkin2.storage.QueryRequestTest._Benchmark.benchmark_endTsMustBePositive,278143.4,278748.1,278023.8,278645.5,0.9995181,0.999724
zipkin2.internal.TraceTest._Benchmark.benchmark_mergesWhenMissingEndpoints,1218.555,1221.322,1218.611,1221.267,0.99997,1.000168
zipkin2.storage.QueryRequestTest._Benchmark.benchmark_maxDuration_greaterThanOrEqualToMinDuration,274703.5,275307.1,274746.1,275315.2,1.000051,1.000228
zipkin2.internal.TraceTest._Benchmark.benchmark_putsRandomDataOnFirstSpanWithEndpoint,815.4865,817.2751,815.244,817.1229,0.999672,0.9997848
zipkin2.codec.V1SpanBytesDecoderTest._Benchmark.benchmark_niceErrorOnTruncatedSpan_THRIFT,132587.8,132915.6,132770.6,133060.1,1.001009,1.001371
zipkin2.storage.QueryRequestTest._Benchmark.benchmark_annotationQuery_missingValue,512252.8,513449.9,512239.1,513309.5,0.9997294,1.00002
zipkin2.SpanTest._Benchmark.benchmark_idFromLong_invalid,445432.3,446463.3,445167.7,446340.1,0.9994763,0.9997227
zipkin2.SpanTest._Benchmark.benchmark_traceIdFromLong_invalid,382792.7,383575.2,382686.7,383595.8,0.9997871,0.9999536
zipkin2.AnnotationTest._Benchmark.benchmark_messageWhenMissingValue,330857.3,331628.9,330583.1,331400.8,0.9991713,0.9993269
zipkin2.v1.SpanConverterTest._Benchmark.benchmark_consumer_duration,3514.262,3522.245,3515.624,3523.716,1.000359,1.000503
zipkin2.internal.Proto3FieldsTest._Benchmark.benchmark_field_readLengthPrefixAndValue_LENGTH_DELIMITED_truncated,405685.8,406534.7,405873,406745.6,1.000452,1.000607
zipkin2.SpanBytesDecoderDetectorTest._Benchmark.benchmark_decoderForListMessage_json_v2_singleItem,322595.8,323316.1,322496.3,323266.7,0.9996808,0.9998414
zipkin2.storage.QueryRequestTest._Benchmark.benchmark_lookbackMustBePositive,267437.6,268057.7,267091.5,267772.4,0.9986835,0.9989263
zipkin2.SpanTest._Benchmark.benchmark_traceId_emptyInvalid,388697.7,389634.8,388759,389639.9,0.9999704,1.000143
zipkin2.EndpointTest._Benchmark.benchmark_newBuilderWithPort_tooLargeIsInvalid,360242,361151.6,360182.5,361009.1,0.9995926,0.9999248
zipkin2.SpanTest._Benchmark.benchmark_normalizeTraceId_badCharacters,372117.9,372949.8,371975.5,372841.6,0.9994801,0.9996478
zipkin2.v1.SpanConverterTest._Benchmark.benchmark_lateRemoteEndpoint_sa,3732.119,3740.874,3734.106,3743.158,1.00054,1.000685
zipkin2.internal.TraceTest._Benchmark.benchmark_backfillsMissingSharedFlag,1095.682,1098.399,1096.26,1098.94,1.000412,1.000555
zipkin2.v1.SpanConverterTest._Benchmark.benchmark_server_shared_v1_no_timestamp_duration,3498.714,3506.455,3497.89,3507.458,0.9998237,1.000307
zipkin2.v1.SpanConverterTest._Benchmark.benchmark_producer_duration,3295.628,3303.716,3292.901,3299.987,0.9988618,0.9991653
zipkin2.SpanTest._Benchmark.benchmark_id_zerosInvalid,395929,396880.4,395646.6,396627.4,0.9992362,0.9994124
zipkin2.internal.WriteBufferTest._Benchmark.benchmark_unsignedVarintSize_32_largest,1327660,1330702,1327902,1331328,1.000198,1.00054
zipkin2.internal.V1ThriftSpanWriterTest._Benchmark.benchmark_writesBeginAnnotation_consumer_noEndpoint,38074.7,38172.15,38077.4,38173.8,0.9999435,1.000129
zipkin2.internal.SpanNodeTest._Benchmark.benchmark_addChild_nullNotAllowed,435264.7,436336,435032.3,436207.8,0.9994499,0.9997337
zipkin2.SpanBytesDecoderDetectorTest._Benchmark.benchmark_decoderForListMessage_unknown,403023.3,404021.9,403250.5,404245.9,1.000352,1.000564
zipkin2.internal.Proto3FieldsTest._Benchmark.benchmark_fieldNumber_malformed,435186.6,436367.5,435622.2,436755,1.000904,1.001089
zipkin2.SpanBytesDecoderDetectorTest._Benchmark.benchmark_decoderForMessage_proto3_list,330749.4,331631.9,330922.8,331757.1,1.000374,1.000602
zipkin2.v1.SpanConverterTest._Benchmark.benchmark_lateRemoteEndpoint_cr,2891.994,2899.859,2892.596,2900.558,1.000191,1.000366
zipkin2.internal.ReadBufferTest._Benchmark.benchmark_readVarint32_malformedTooBig,491833.3,493042.3,491489.7,492749.4,0.9992719,0.9995591
zipkin2.internal.V1JsonSpanWriterTest._Benchmark.benchmark_writesEmptySpanName,576053.9,577636.9,576694.2,578248.6,1.000899,1.001095
zipkin2.v1.SpanConverterTest._Benchmark.benchmark_server_incomplete_shared,4076.83,4087.936,4074.654,4086.613,0.9994948,0.9997175
zipkin2.internal.SpanNodeTest._Benchmark.benchmark_constructsTraceTree_sharedRootId,310414.4,311230.3,310450.9,311335.8,1.000105,1.000308
zipkin2.internal.TraceTest._Benchmark.benchmark_backfillsMissingParentIdOnSharedSpan,1076.869,1079.843,1077.682,1080.629,1.000657,1.000788
zipkin2.storage.QueryRequestTest._Benchmark.benchmark_test_annotationQuery_tagKey,421905.5,423023.3,421297.2,422432.8,0.9985086,0.9987624
zipkin2.codec.V1SpanBytesDecoderTest._Benchmark.benchmark_spanRoundTrip_noRemoteServiceName_JSON_V1,92279.36,92553.02,92319.91,92606.39,1.000449,1.000664
zipkin2.codec.V1SpanBytesDecoderTest._Benchmark.benchmark_ignoresNonAddressBooleanBinaryAnnotations,268027.7,268812.2,267979,268785.7,0.999801,0.9999893
zipkin2.storage.ForwardingStorageComponentTest._Benchmark.benchmark_delegatesSpanStore,21565.02,21626.81,21572.8,21634.36,1.000275,1.000573
zipkin2.SpanTest._Benchmark.benchmark_builder_merge_localEndpoint_null,12890.32,12925.27,12882.01,12921.89,0.9993256,0.9996701
zipkin2.internal.Proto3FieldsTest._Benchmark.benchmark_wireType_unsupported,205997,206549.7,205982.9,206560,0.9998825,1.000125
zipkin2.internal.TraceTest._Benchmark.benchmark_deletesSelfReferencingParentId,1836.324,1842.369,1835.883,1841.916,0.9997291,1.000094
zipkin2.SpanTest._Benchmark.benchmark_builder_merge_localEndpoint_redundant,11658.38,11696.09,11633.06,11666.05,0.9974317,0.9979509
zipkin2.codec.V1SpanBytesDecoderTest._Benchmark.benchmark_niceErrorOnMalformed_inputSpans_THRIFT,162822.4,163308.8,162530.9,163035.4,0.9981292,0.9983594
zipkin2.internal.WriteBufferTest._Benchmark.benchmark_utf8_21Bit_truncated,1130917,1134735,1132303,1136150,1.001186,1.001446
zipkin2.internal.SpanNodeTest._Benchmark.benchmark_addChild_selfNotAllowed,369165.4,370341.5,368928.5,370107.2,0.9992952,0.9994959
zipkin2.internal.HexCodecTest._Benchmark.benchmark_lowerHexToUnsignedLongTest,161860.3,162408.9,161905.1,162485.4,1.000239,1.000629
zipkin2.codec.SpanBytesDecoderTest._Benchmark.benchmark_niceErrorOnNull_tagValue,122467.1,122916.4,122526,122935.4,1.000051,1.000499
zipkin2.v1.SpanConverterTest._Benchmark.benchmark_consumer,3946.317,3959.994,3948.079,3962.617,1.00013,1.000742
zipkin2.internal.V1JsonSpanWriterTest._Benchmark.benchmark_writesTimestampAndDuration,342507.6,343778.8,342446.8,343644.4,0.9994742,0.9998197
zipkin2.internal.V1ThriftSpanWriterTest._Benchmark.benchmark_writesParentAnd128BitTraceId,46744.83,46908.84,46737.06,46894.99,0.9995755,0.9999147
zipkin2.codec.SpanBytesDecoderTest._Benchmark.benchmark_traceRoundTrip_PROTO3_directBuffer,146166.7,146689.8,146259.7,146739.8,1.000284,1.000612
zipkin2.internal.V1ThriftSpanWriterTest._Benchmark.benchmark_writesAddressBinaryAnnotation_client,18352.32,18423.53,18374.76,18441.19,1.00096,1.001253
zipkin2.storage.ForwardingStorageComponentTest._Benchmark.benchmark_delegatesToString,47995.82,48175.93,48007.45,48198.43,1.000149,1.000407
zipkin2.storage.ForwardingStorageComponentTest._Benchmark.benchmark_delegatesAutocompleteTags,20641.87,20719.39,20639.01,20715.64,0.9996492,0.9998394
zipkin2.codec.SpanBytesEncoderTest._Benchmark.benchmark_span_shared_JSON_V2,517785.6,519659.1,517396.2,519366.4,0.9992189,0.9995095
zipkin2.codec.SpanBytesEncoderTest._Benchmark.benchmark_span_shared_THRIFT,379367.9,380942.6,379094.4,380509.1,0.998862,0.9992651
zipkin2.codec.SpanBytesDecoderTest._Benchmark.benchmark_spanRoundTrip_64bitTraceId_PROTO3,296060.1,297254.5,295685.8,296889.1,0.998521,0.9988765
zipkin2.internal.V1ThriftSpanWriterTest._Benchmark.benchmark_writesBeginAnnotation_producer_noEndpoint,39177.1,39331.05,39171.02,39309.03,0.9994413,0.9999519
zipkin2.storage.ForwardingStorageComponentTest._Benchmark.benchmark_delegatesSpanConsumer,20412.75,20499.92,20418.57,20503.75,1.000183,1.00045
zipkin2.internal.V1ThriftSpanWriterTest._Benchmark.benchmark_writesCoreAnnotations_consumer_noEndpoint,18714.92,18800.27,18695.27,18771.85,0.9984113,0.9988693
zipkin2.storage.ForwardingStorageComponentTest._Benchmark.benchmark_delegatesServiceAndSpanNames,21059.5,21146.28,21045.32,21133.34,0.9992663,0.9996967
zipkin2.storage.ForwardingStorageComponentTest._Benchmark.benchmark_delegatesCheck,21256.2,21345.45,21258.05,21351.07,1.000047,1.000333
zipkin2.storage.ForwardingStorageComponentTest._Benchmark.benchmark_delegatesClose,20721.56,20806.08,20729.96,20819.4,1.000289,1.000657
zipkin2.storage.ForwardingStorageComponentTest._Benchmark.benchmark_delegatesIsOverCapacity,21935.35,22036.76,21951.29,22046.53,1.000265,1.00068
zipkin2.SpanTest._Benchmark.benchmark_serialization,158917.7,159696.9,158893,159648.7,0.9995513,0.9999573
zipkin2.internal.V1ThriftSpanWriterTest._Benchmark.benchmark_writesCoreAnnotations_producer_noEndpoint,19438.04,19548.64,19453.57,19556.41,1.000419,1.000799
zipkin2.internal.WriteBufferTest._Benchmark.benchmark_writeString,1657,1666.196,1656.007,1665.629,0.9993538,0.9996794
zipkin2.internal.ReadBufferTest._Benchmark.benchmark_readLong_byteBuff_littleEndian,1098339,1104371,1100502,1106515,1.001722,1.002074
zipkin2.internal.V1ThriftSpanWriterTest._Benchmark.benchmark_writesCoreAnnotations_server_noEndpoint,19141.33,19253.18,19135.18,19251.06,0.9996008,1.000263
zipkin2.internal.V1ThriftSpanWriterTest._Benchmark.benchmark_writesAddressBinaryAnnotation_consumer,18424.59,18538.96,18408.23,18527.19,0.9989665,0.9993727
zipkin2.internal.V1ThriftSpanWriterTest._Benchmark.benchmark_annotationsHaveEndpoints,25857.47,26016.77,25840.68,26012.57,0.9994748,0.9999738
zipkin2.internal.V1ThriftSpanWriterTest._Benchmark.benchmark_writesAddressBinaryAnnotation_producer,18659.14,18787.31,18662.87,18796.64,1.000123,1.000665
zipkin2.SpanTest._Benchmark.benchmark_builder_merge_localEndpoint,11458.17,11543.17,11465.05,11541.93,0.999955,1.000609
zipkin2.SpanTest._Benchmark.benchmark_builder_merge_annotations_concat,11664.73,11745.85,11697.7,11779.61,1.002632,1.003119
zipkin2.internal.V1ThriftSpanWriterTest._Benchmark.benchmark_writesBeginAnnotation_server_noEndpoint,41185.1,41517.89,41155.42,41474.66,0.9988195,0.9992574
zipkin2.codec.V1SpanBytesDecoderTest._Benchmark.benchmark_spanRoundTrip_shared_JSON_V1,94253.55,95030.88,94369.02,95153.66,1.000978,1.001695
zipkin2.SpanBytesDecoderDetectorTest._Benchmark.benchmark_decoderForListMessage_json_v2,541694,546317.8,543067.7,547942.9,1.002564,1.003417
zipkin2.codec.SpanBytesDecoderTest._Benchmark.benchmark_niceErrorOnNull_traceId,122141,123312.8,122514.1,123630.7,1.002323,1.003296
zipkin2.internal.V1ThriftSpanWriterTest._Benchmark.benchmark_writesEmptyLocalComponentWhenNoAnnotationsOrTags,18016.46,18181.18,18046.8,18217.47,1.001487,1.001996